division,stand,plot,species,dbh,logs,baf
bh,7024,1,acsa,8,0,20
bh,7024,1,acsa,4,0,20
bh,7024,1,quru,13,2,20
bh,7024,1,quru,19,2.5,20
bh,7024,1,quru,17,2.5,20
bh,7024,1,quru,14,1,20
bh,7024,1,quru,12,2,20
bh,7024,1,quru,13,2,20
bh,7024,1,quru,19,2.5,20
bh,7024,1,quru,14,1.5,20
bh,7024,1,quru,14,2,20
bh,7024,2,acru,8,0,20
bh,7024,2,qual,21,0,20
bh,7024,2,qual,19,1.5,20
bh,7024,2,quco,17,2,20
bh,7024,2,tsca,9,0,20
bh,7024,2,tsca,21,3,20
bh,7024,2,tsca,12,0,20
bh,7024,2,tsca,22,0,20
bh,7024,3,acru,7,0,20
bh,7024,3,acsa,12,1,20
bh,7024,3,bele,10,0,20
bh,7024,3,pist,12,1.5,20
bh,7024,3,prse,16,1,20
bh,7024,3,qual,17,1.5,20
bh,7024,3,qual,11,0,20
bh,7024,3,tsca,13,0.5,20
bh,7024,3,tsca,12,0.5,20
bh,7024,3,tsca,14,0,20
bh,7019,4,acru,11,0,20
bh,7019,4,pist,17,2,20
bh,7019,4,tsca,22,1,20
bh,7019,4,tsca,18,1,20
bh,7019,4,tsca,17,1.5,20
bh,7019,4,tsca,17,1.5,20
bh,7019,4,tsca,22,2,20
bh,7019,4,tsca,16,1.5,20
bh,7019,4,tsca,19,1,20
bh,7019,4,tsca,21,1.5,20
bh,7019,5,pist,16,2,20
bh,7019,5,pist,14,2,20
bh,7019,5,pist,10,0,20
bh,7019,5,pist,17,2,20
bh,7019,5,pist,19,1.5,20
bh,7019,5,pist,17,1.5,20
bh,7019,5,pist,13,1,20
bh,7019,5,pist,17,1.5,20
bh,7019,5,pist,17,2,20
bh,7019,5,quru,10,0,20
bh,7019,5,quru,13,1,20
bh,7019,5,quru,12,0,20
bh,7019,6,acru,8,0,20
bh,7019,6,bele,4,0,20
bh,7019,6,pist,14,2,20
bh,7019,6,tsca,21,0,20
bh,7019,7,acru,7,0,20
bh,7019,7,bele,17,0.5,20
bh,7019,7,pist,20,2,20
bh,7019,7,pist,14,2,20
bh,7019,7,pist,20,2,20
bh,7019,7,pist,16,2.5,20
bh,7019,7,tsca,28,0,20
bh,7019,8,acru,17,0,20
bh,7019,8,acsa,24,1,20
bh,7019,8,fram,10,0,20
bh,7019,8,pist,21,1.5,20
bh,7019,8,pist,24,1.5,20
bh,7019,8,prse,16,0.5,20
bh,7018,9,qual,21,1.5,20
bh,7018,9,qual,21,1.5,20
bh,7018,9,quru,7,0,20
bh,7018,9,quru,13,1,20
bh,7018,9,tsca,24,1,20
bh,7018,9,tsca,21,1,20
bh,7018,10,acru,12,1,20
bh,7018,10,acru,15,0.5,20
bh,7018,10,bepa,14,0,20
bh,7018,10,quru,17,1.5,20
bh,7018,10,tsca,20,1,20
bh,7018,10,tsca,17,1.5,20
bh,7018,10,tsca,22,1.5,20
bh,7018,10,tsca,21,2,20
bh,7018,10,tsca,25,2,20
bh,7018,10,tsca,23,1.5,20
bh,7018,10,tsca,20,2,20
bh,7018,10,tsca,14,0.5,20
bh,7018,11,pist,24,2,20
bh,7018,11,pist,15,2,20
bh,7018,11,pist,26,3,20
bh,7018,11,pist,22,2.5,20
bh,7018,11,pist,17,3.5,20
bh,7018,11,qual,18,0,20
bh,7018,11,quve,17,1,20
bh,7018,11,tsca,9,0,20
bh,7018,11,tsca,11,0,20
bh,7018,12,bele,11,0,20
bh,7018,12,bele,5,0,20
bh,7018,12,bele,18,0,20
bh,7018,12,qual,17,1,20
bh,7018,12,qual,15,1,20
bh,7018,12,quru,14,1.5,20
bh,7018,12,quru,16,1.5,20
bh,7018,12,tsca,19,1,20
bh,7018,12,tsca,18,1.5,20
bh,7018,12,tsca,20,1.5,20
bh,7018,12,tsca,19,2,20
bh,7018,13,ca,13,1.5,20
bh,7018,13,qual,12,0.5,20
bh,7018,13,qual,17,1,20
bh,7018,13,quve,15,1.5,20
bh,7018,13,quve,17,0,20
bh,7018,13,tsca,14,0.5,20
bh,7018,13,tsca,19,1,20
bh,7018,13,tsca,18,2,20
bh,7018,13,tsca,16,1,20
bh,7018,14,tsca,20,2.5,20
bh,7018,14,tsca,20,2.5,20
bh,7018,14,tsca,20,2.5,20
bh,7018,14,tsca,23,2.5,20
bh,7018,14,tsca,20,2.5,20
bh,7018,14,tsca,21,2,20
bh,7018,14,tsca,28,2,20
bh,7018,14,tsca,11,0,20
bh,7018,15,qual,20,1,20
bh,7018,15,quru,27,1.5,20
bh,7018,15,quru,20,0.5,20
bh,7018,15,quru,20,2,20
bh,7018,16,pist,5,0,20
bh,7018,16,pist,5,0,20
bh,7018,16,tsca,17,1,20
bh,7018,16,tsca,24,3,20
bh,7018,17,bele,8,0,20
bh,7018,17,quru,16,2,20
bh,7018,17,quru,17,1.5,20
bh,7018,17,quru,18,1.5,20
bh,7018,17,tsca,18,2,20
bh,7017,18,caov,19,3,20
bh,7017,18,fram,19,2,20
bh,7017,18,pist,26,3,20
bh,7017,18,tsca,17,1.5,20
bh,7017,18,tsca,21,1,20
bh,7017,18,tsca,16,2,20
bh,7017,18,tsca,12,1,20
bh,7017,18,tsca,11,1,20
bh,7017,19,beal,15,0,20
bh,7017,19,beal,18,0,20
bh,7017,19,quru,17,0.5,20
bh,7017,19,tsca,31,2,20
bh,7017,19,tsca,19,2,20
bh,7017,19,tsca,19,2,20
bh,7017,19,tsca,18,2.5,20
bh,7017,19,tsca,15,2,20
bh,7017,19,tsca,22,2,20
bh,7017,19,tsca,20,0,20
bh,7017,19,tsca,19,1,20
bh,7017,19,tsca,23,2.5,20
bh,7017,19,tsca,23,2.5,20
bh,7017,19,tsca,31,2,20
bh,7017,20,tsca,25,2.5,20
bh,7017,20,tsca,15,0.5,20
bh,7017,20,tsca,22,3,20
bh,7017,20,pist,25,3,20
bh,7017,20,bele,16,0,20
bh,7017,20,tsca,8,0,20
bh,7017,20,tsca,22,2,20
bh,7017,20,tsca,22,2.5,20
bh,7017,21,beal,15,0.5,20
bh,7017,21,beal,11,0,20
bh,7017,21,pist,30,2,20
bh,7017,21,pist,29,2.5,20
bh,7017,21,pist,28,2,20
bh,7017,21,pist,26,0.5,20
bh,7017,21,prse,15,0,20
bh,7017,21,prse,14,1,20
bh,7017,21,quve,19,0.5,20
bh,7017,21,tsca,26,1.5,20
bh,7017,21,tsca,12,1,20
bh,7017,21,tsca,19,1.5,20
bh,7016,22,bele,13,0.5,20
bh,7016,22,bele,13,0.5,20
bh,7016,22,ca,17,0.5,20
bh,7016,22,pist,22,2,20
bh,7016,22,pist,9,0,20
bh,7016,22,pist,19,2.5,20
bh,7016,22,quve,17,1,20
bh,7016,23,bele,16,0.5,20
bh,7016,23,bele,15,0,20
bh,7016,23,bele,14,0,20
bh,7016,23,fram,9,0,20
bh,7016,23,prse,22,2,20
bh,7016,23,tsca,15,0.5,20
bh,7016,23,tsca,19,1.5,20
bh,7016,24,bele,12,0,20
bh,7016,24,bele,5,0,20
bh,7016,24,bele,14,0,20
bh,7016,24,prse,11,0,20
bh,7016,24,prse,17,0.5,20
bh,7016,24,tsca,24,2,20
bh,7035,25,acru,7,0,20
bh,7035,25,pist,14,0,20
bh,7035,25,qual,19,0,20
bh,7035,25,quru,14,0.5,20
bh,7035,25,quru,18,1,20
bh,7035,25,quru,18,2,20
bh,7035,25,tsca,16,1,20
bh,7035,25,tsca,16,1,20
bh,7035,26,ca,9,0,20
bh,7035,26,ca,24,1,20
bh,7035,26,ca,10,0,20
bh,7035,26,quru,12,0,20
bh,7035,26,tsca,18,0.5,20
bh,7035,26,tsca,12,0,20
bh,7035,27,acsa,16,1,20
bh,7035,27,acsa,17,1,20
bh,7035,27,acsa,17,1.5,20
bh,7035,27,caov,14,1.5,20
bh,7035,27,fram,13,1,20
bh,7035,27,quru,23,2,20
bh,7035,28,acru,10,0,20
bh,7035,28,acru,10,0,20
bh,7035,28,ca,19,3,20
bh,7035,28,ca,16,2,20
bh,7035,28,ca,12,0,20
bh,7035,28,ca,13,1.5,20
bh,7035,28,quru,17,1,20
bh,7035,28,quru,23,2.5,20
bh,7035,28,quru,18,2,20
bh,7035,28,quru,16,2,20
bh,7035,28,quru,15,1,20
bh,7035,28,tsca,15,0,20
bh,7035,29,acru,10,0,20
bh,7035,29,quru,30,1.5,20
bh,7035,29,quru,24,2,20
bh,7035,29,quru,30,1.5,20
bh,7035,29,quru,16,2,20
bh,7035,29,quru,17,2.5,20
bh,7035,29,quru,32,2,20
bh,7035,29,tsca,22,0,20
bh,7035,30,ca,13,0.5,20
bh,7035,30,quru,21,2,20
bh,7035,30,quru,25,2,20
bh,7035,30,quru,24,2,20
bh,7035,30,quru,19,1.5,20
bh,7035,30,quru,36,1,20
bh,7035,31,acru,6,0,20
bh,7035,31,acru,14,1,20
bh,7035,31,acru,16,1,20
bh,7035,31,quru,22,1.5,20
bh,7035,31,quru,17,2,20
bh,7035,31,quru,20,2.5,20
bh,7035,31,quru,17,2.5,20
bh,7035,31,tsca,17,0.5,20
bh,7035,31,tsca,17,1,20
bh,7035,31,tsca,14,1,20
bh,7035,31,tsca,10,0,20
bh,7035,31,tsca,20,1.5,20
bh,7042,32,acru,19,2,20
bh,7042,32,pist,11,1,20
bh,7042,32,qual,18,1.5,20
bh,7042,32,quru,15,2,20
bh,7042,32,quru,12,0,20
bh,7042,33,acru,10,0,20
bh,7042,33,acru,8,0,20
bh,7042,33,acru,13,0.5,20
bh,7042,33,ca,23,2.5,20
bh,7042,33,ca,16,1.5,20
bh,7042,33,ca,23,2.5,20
bh,7042,33,qual,23,0.5,20
bh,7042,33,quru,15,1,20
bh,7042,33,quru,29,1,20
bh,7042,33,quru,18,2,20
bh,7042,33,quru,18,2,20
bh,7042,33,quru,29,1,20
bh,7042,34,acru,8,0,20
bh,7042,34,bele,14,0,20
bh,7042,34,quru,28,1,20
bh,7042,34,quru,20,1.5,20
bh,7042,34,quru,30,1.5,20
bh,7042,34,quru,17,1,20
bh,7042,35,ca,14,1.5,20
bh,7042,35,quru,21,3,20
bh,7042,35,quru,21,2.5,20
bh,7042,35,quru,20,2.5,20
bh,7042,35,quve,23,2,20
bh,7042,36,acru,14,1.5,20
bh,7042,36,bele,12,0,20
bh,7042,36,bepa,12,0,20
bh,7042,36,bepo,13,1.5,20
bh,7042,36,pist,15,3,20
bh,7042,36,pist,14,2.5,20
bh,7042,37,acsa,16,1.5,20
bh,7042,37,bele,10,0,20
bh,7042,37,bele,9,0,20
bh,7042,37,prse,6,0,20
bh,7042,37,qumo,12,0,20
bh,7042,37,quru,18,2.5,20
bh,7042,37,quru,15,2.5,20
bh,7042,39,acru,7,0,20
bh,7042,39,acru,15,2.5,20
bh,7042,39,bepo,15,2,20
bh,7042,39,ca,23,2,20
bh,7042,39,quru,22,3,20
bh,7041,40,ca,13,3,20
bh,7041,40,ca,11,0,20
bh,7041,40,qual,10,0,20
bh,7041,40,quru,18,2.5,20
bh,7041,40,quru,21,1.5,20
bh,7041,40,quru,25,3,20
bh,7041,41,bele,14,0.5,20
bh,7041,41,bele,14,1,20
bh,7041,41,bele,14,1,20
bh,7041,41,litu,25,3,20
bh,7041,41,quru,20,2,20
bh,7041,42,bele,16,2,20
bh,7041,42,bele,9,0,20
bh,7041,42,pist,34,4,20
bh,7041,42,qual,12,0,20
bh,7041,42,qual,20,2,20
bh,7041,42,quru,26,2.5,20
bh,7041,42,tsca,28,2.5,20
bh,7043,43,bele,13,1,20
bh,7043,43,quru,22,2,20
bh,7043,43,tsca,21,2.5,20
bh,7043,43,tsca,20,2,20
bh,7043,43,tsca,15,2,20
bh,7043,44,bele,14,0.5,20
bh,7043,44,nysy,7,0,20
bh,7043,44,qual,14,0.5,20
bh,7043,44,quru,16,1.5,20
bh,7043,44,quru,15,1.5,20
bh,7043,44,quru,22,2,20
bh,7043,45,acru,16,0.5,20
bh,7043,45,qual,19,1.5,20
bh,7043,45,quru,25,1.5,20
bh,7043,45,quru,10,0,20
bh,7043,45,quru,18,1.5,20
bh,7043,46,acru,12,0.5,20
bh,7043,46,acru,15,2,20
bh,7043,46,bele,11,0,20
bh,7043,46,tsca,25,3,20
bh,7043,46,tsca,24,2,20
bh,7043,46,tsca,22,2,20
bh,7043,47,tsca,30,3,20
bh,7043,47,tsca,24,3,20
bh,7043,47,tsca,15,1.5,20
bh,7043,47,tsca,14,1.5,20
bh,7043,47,tsca,25,2.5,20
bh,7043,47,tsca,14,2,20
bh,7043,48,acru,17,1,20
bh,7043,48,pist,20,3,20
bh,7043,48,tsca,11,0,20
bh,7043,48,tsca,19,2,20
bh,7043,49,acru,20,0.5,20
bh,7043,49,fram,11,0,20
bh,7043,49,quru,20,2.5,20
bh,7043,49,quru,17,0.5,20
bh,7043,49,quve,17,1,20
bh,7043,49,quve,12,0.5,20
bh,7043,49,tsca,18,1.5,20
bh,7043,49,tsca,25,2,20
bh,7043,50,acru,10,0,20
bh,7043,50,bele,17,0,20
bh,7043,50,bele,8,0,20
bh,7043,50,quru,25,2,20
bh,7043,50,quru,25,1.5,20
bh,7043,50,quve,29,0,20
bh,7044,52,pist,8,0,20
bh,7044,52,pist,8,0,20
bh,7044,52,pist,22,2,20
bh,7044,52,pist,13,2,20
bh,7044,52,pist,14,1.5,20
bh,7044,52,pist,7,0,20
bh,7044,52,pist,15,2.5,20
bh,7044,52,qual,16,0,20
bh,7044,52,quru,15,1.5,20
bh,7044,52,quru,24,1.5,20
bh,7044,53,bele,8,0,20
bh,7044,53,ca,12,0.5,20
bh,7044,53,ca,12,0,20
bh,7044,53,qual,15,0,20
bh,7044,53,quru,20,1.5,20
bh,7044,53,quru,18,0.5,20
bh,7044,53,quru,18,1,20
bh,7044,53,quru,11,0,20
bh,7044,53,tsca,12,0,20
bh,7044,53,tsca,11,0.5,20
bh,7044,53,tsca,13,0.5,20
bh,7044,54,bepa,4,0,20
bh,7044,54,pist,27,2.5,20
bh,7044,54,pist,8,0,20
bh,7044,54,qual,7,0,20
bh,7044,54,quru,21,0,20
bh,7044,54,quru,15,1.5,20
bh,7044,54,quru,23,0.5,20
bh,7044,55,bele,10,0,20
bh,7044,55,bele,12,0,20
bh,7044,55,bele,11,0,20
bh,7044,55,pist,25,2.5,20
bh,7044,55,tsca,29,1,20
bh,7044,55,tsca,14,1,20
bh,7039,56,bele,10,0,20
bh,7039,56,qual,18,1,20
bh,7039,56,qual,12,0.5,20
bh,7039,56,qual,24,1.5,20
bh,7039,56,qual,11,0,20
bh,7039,56,qual,14,0.5,20
bh,7039,57,acru,15,1.5,20
bh,7039,57,acsa,6,0,20
bh,7039,57,bele,4,0,20
bh,7039,57,bele,5,0,20
bh,7039,57,bele,14,0.5,20
bh,7039,57,quru,27,2.5,20
bh,7039,57,quru,25,2,20
bh,7039,57,quru,19,0.5,20
bh,7039,58,acru,8,0,20
bh,7039,58,acsa,4,0,20
bh,7039,58,bele,12,0.5,20
bh,7039,58,bele,24,2,20
bh,7039,58,fram,12,1,20
bh,7039,58,quru,28,1.5,20
bh,7039,58,quru,17,2,20
bh,7039,58,tsca,22,2.5,20
bh,7039,58,tsca,25,3,20
bh,7039,59,acru,15,1.5,20
bh,7039,59,acru,10,0,20
bh,7039,59,bele,10,0,20
bh,7039,59,bele,6,0,20
bh,7039,59,quru,22,2.5,20
bh,7039,59,quru,19,1.5,20
bh,7039,59,tsca,25,2.5,20
bh,7039,59,tsca,18,2,20
bh,7039,60,acru,13,0,20
bh,7039,60,acru,7,0,20
bh,7039,60,acru,9,0,20
bh,7039,60,quru,21,2,20
bh,7039,60,quru,20,2,20
bh,7039,60,quru,20,2,20
bh,7039,60,quve,26,1.5,20
bh,7039,61,acru,11,0,20
bh,7039,61,acsa,21,1,20
bh,7039,61,bele,7,0,20
bh,7039,62,bele,8,0,20
bh,7039,62,pist,18,3,20
bh,7039,62,quve,16,1,20
bh,7039,62,quve,18,1,20
bh,7039,63,qual,12,0,20
bh,7039,63,qual,11,0,20
bh,7039,63,qual,9,0,20
bh,7039,63,quru,18,1,20
bh,7039,63,quru,17,1.5,20
bh,7039,63,quru,23,0.5,20
bh,7039,64,bele,9,0,20
bh,7039,64,bele,12,0.5,20
bh,7039,64,bele,8,0,20
bh,7039,64,bele,16,1,20
bh,7039,64,bele,5,0,20
bh,7039,64,qual,20,1.5,20
bh,7039,64,quru,22,2.5,20
bh,7046,65,acru,12,2,20
bh,7046,65,acsa,8,0,20
bh,7046,65,acsa,8,0,20
bh,7046,65,beal,10,0,20
bh,7046,65,ca,12,2.5,20
bh,7046,65,litu,20,3,20
bh,7046,66,acsa,9,0,20
bh,7046,66,acsa,11,0,20
bh,7046,66,qual,18,1,20
bh,7046,67,bele,7,0,20
bh,7046,67,quru,19,1.5,20
bh,7046,67,quru,16,2,20
bh,7046,68,qual,23,1,20
bh,7046,68,quru,12,2,20
bh,7046,68,quru,18,2,20
bh,7046,69,acru,9,0,20
bh,7046,69,acru,9,0,20
bh,7046,69,acru,9,0,20
bh,7046,69,qual,21,1,20
bh,7046,69,quru,14,2,20
bh,7046,69,quru,15,2,20
bh,7046,69,quru,20,1,20
bh,7046,69,quru,21,0.5,20
bh,7046,69,tsca,14,1,20
bh,7046,70,bele,7,0,20
bh,7046,70,ca,10,0,20
bh,7046,70,quru,19,2,20
bh,7046,70,quru,23,2,20
bh,7046,70,quru,24,1.5,20
bh,7046,70,quru,19,1.5,20
bh,7046,71,qual,5,0,20
bh,7046,71,quru,14,1,20
bh,7046,71,quru,16,1.5,20
bh,7046,71,quru,15,2,20
bh,7046,71,quru,15,2,20
bh,7046,71,quru,15,2,20
bh,7046,71,quve,13,0.5,20
bh,7046,71,tsca,8,0,20
bh,7036,72,ca,14,2,20
bh,7036,72,ca,12,1,20
bh,7036,72,qual,16,1.5,20
bh,7036,72,quru,18,2,20
bh,7036,72,quru,22,1.5,20
bh,7036,73,ca,7,0,20
bh,7036,73,qual,17,2.5,20
bh,7036,73,quru,18,1.5,20
bh,7036,73,quru,15,1.5,20
bh,7036,73,quru,18,1.5,20
bh,7036,73,quru,18,2,20
bh,7036,73,quru,26,2,20
bh,7036,74,acru,12,1,20
bh,7036,74,ca,8,0,20
bh,7036,74,quru,21,1.5,20
bh,7036,74,quru,18,0.5,20
bh,7036,74,quve,25,1,20
bh,7008,75,acru,11,0,20
bh,7008,75,acru,8,0,20
bh,7008,75,acru,10,0,20
bh,7008,75,acru,9,0,20
bh,7008,75,acru,15,1,20
bh,7008,75,acru,9,0,20
bh,7008,75,acru,14,0,20
bh,7008,75,qual,17,0.5,20
bh,7008,75,tsca,23,0,20
bh,7008,75,tsca,9,0,20
bh,7008,76,acru,7,0,20
bh,7008,76,acru,9,0,20
bh,7008,76,qual,18,1.5,20
bh,7008,77,pist,26,1.5,20
bh,7008,77,pist,21,1.5,20
bh,7008,77,qual,12,1.5,20
bh,7008,77,tsca,18,0,20
bh,7008,77,tsca,11,0,20
bh,7008,78,acpe,5,0,20
bh,7008,78,acpe,4,0,20
bh,7008,78,acru,10,0,20
bh,7008,78,acru,15,1.5,20
bh,7008,78,pist,26,3,20
bh,7008,78,qual,9,0,20
bh,7008,78,quru,25,2,20
bh,7008,78,quru,16,1.5,20
bh,7008,78,quve,24,2,20
bh,7008,79,acru,6,0,20
bh,7008,79,bele,13,1,20
bh,7008,79,qual,13,1,20
bh,7008,79,tsca,21,2.5,20
bh,7008,79,tsca,20,2.5,20
bh,7013,80,quru,12,1,20
bh,7013,80,quru,10,0,20
bh,7013,80,quru,13,0.5,20
bh,7013,80,quru,15,1,20
bh,7013,80,quru,7,0,20
bh,7013,80,quve,12,1,20
bh,7013,81,bele,21,1,20
bh,7013,81,pist,28,3,20
bh,7013,81,pist,28,3,20
bh,7013,81,quru,20,2.5,20
bh,7013,81,quru,21,1.5,20
bh,7013,81,quru,21,1.5,20
bh,7013,82,bele,14,0.5,20
bh,7013,82,quru,14,1.5,20
bh,7013,82,quru,15,2,20
bh,7013,82,quru,14,1.5,20
bh,7013,82,quru,15,2.5,20
bh,7013,82,quru,11,0,20
bh,7013,82,tsca,17,1,20
bh,7013,83,bele,15,1.5,20
bh,7013,83,bele,8,0,20
bh,7013,83,quru,21,1,20
bh,7013,83,quru,19,1.5,20
bh,7013,83,quru,16,1,20
bh,7013,83,quru,16,1.5,20
bh,7013,83,quru,13,1,20
bh,7013,83,quru,29,1,20
bh,7013,84,quru,17,0,20
bh,7013,84,quru,23,1,20
bh,7013,84,quru,14,1.5,20
bh,7013,84,quru,17,2,20
bh,7013,85,bele,18,1,20
bh,7013,85,quru,17,1.5,20
bh,7013,86,ca,10,0,20
bh,7013,86,ca,17,2,20
bh,7013,86,quru,13,2,20
bh,7013,86,quru,17,2,20
bh,7013,86,quru,18,2.5,20
bh,7013,86,quru,18,2,20
bh,7013,86,quru,18,2,20
bh,7044,87,acru,11,0,20
bh,7044,87,bele,17,1,20
bh,7044,87,qual,20,2,20
bh,7044,87,qual,17,1,20
bh,7044,87,quru,33,2.5,20
bh,7044,87,tsca,16,0,20
bh,7044,87,tsca,14,1,20
bh,7044,87,tsca,11,0,20
bh,7044,87,tsca,20,0,20
bh,7042,38,fram,16,1.5,20
bh,7042,38,caov,10,0,20
bh,7042,38,acsa,10,0,20
bh,7042,38,acru,11,0,20
bh,7042,38,ca,17,1.5,20
bh,7042,38,ca,16,2,20
bh,7024,90,acru,6,0,20
bh,7024,90,qual,30,0.5,20
bh,7024,90,quru,17,2,20
bh,7024,90,quru,22,2,20
bh,7024,90,acru,8,0,20
bh,7024,90,fram,18,1,20
bh,7024,90,quru,30,1.5,20
bh,7024,90,acru,13,1,20
bh,7024,90,acru,12,1,20
bh,7024,90,qual,30,0.5,20
bh,7016,125,bele,9,0,20
bh,7016,125,bele,10,0,20
bh,7016,125,tsca,10,0,20
bh,7016,125,acru,8,0,20
bh,7016,125,tsca,22,2.5,20
bh,7016,125,tsca,24,3,20
bh,7016,125,bele,15,1,20
bh,7016,125,bele,17,1,20
bh,7016,125,tsca,18,2,20
bh,7016,125,fram,24,0.5,20
bh,7016,126,tsca,17,2,20
bh,7016,126,tsca,12,1,20
bh,7016,126,tsca,22,2.5,20
bh,7016,126,tsca,20,3,20
bh,7016,126,tsca,20,2.5,20
bh,7016,126,tsca,24,2.5,20
bh,7016,126,tsca,24,2.5,20
bh,7016,126,tsca,20,2,20
bh,7016,120,tsca,41,3.5,20
bh,7016,120,bele,20,0,20
bh,7016,120,quru,28,2.5,20
bh,7016,120,tsca,24,1.5,20
bh,7016,120,tsca,18,2,20
bh,7016,120,bele,11,0,20
bh,7018,109,qual,13,0,20
bh,7018,109,tsca,18,0,20
bh,7018,109,tsca,8,0,20
bh,7018,109,tsca,13,0,20
bh,7018,109,acru,13,0,20
bh,7018,109,acru,15,0.5,20
bh,7018,109,quru,19,2,20
bh,7018,109,quru,20,2,20
bh,7018,109,quru,10,0,20
bh,7018,109,pist,23,1,20
bh,7019,96,quru,16,2,20
bh,7019,96,bele,16,0.5,20
bh,7019,96,tsca,23,1.5,20
bh,7019,96,pist,16,1.5,20
bh,7019,96,quru,13,2,20
bh,7019,96,prse,13,0,20
bh,7019,96,pist,15,1.5,20
bh,7019,96,pist,19,2.5,20
bh,7019,96,tsca,9,0,20
bh,7019,96,pist,11,0,20
bh,7019,96,tsca,22,2,20
bh,7019,96,pist,14,3,20
bh,7019,96,bele,14,0.5,20
bh,7019,96,tsca,16,2,20
bh,7019,96,pist,10,0,20
bh,7019,97,tsca,23,1,20
bh,7019,97,tsca,18,2,20
bh,7019,97,tsca,26,2,20
bh,7019,97,acru,16,0,20
bh,7019,97,litu,22,3,20
bh,7019,97,litu,16,3,20
bh,7019,97,litu,19,3,20
bh,7019,97,litu,16,3,20
bh,7019,97,bele,12,1,20
bh,7019,97,tsca,12,0,20
bh,7019,97,litu,17,2,20
bh,7019,98,acru,14,2,20
bh,7019,98,acru,12,0.5,20
bh,7019,98,tsca,10,0,20
bh,7019,98,bepo,26,0,20
bh,7019,98,beal,8,0,20
bh,7019,98,bele,12,0.5,20
bh,7019,98,quru,28,2,20
bh,7019,98,acru,14,2,20
bh,7019,98,bele,21,2,20
bh,7019,99,bele,13,0,20
bh,7019,99,tsca,17,2.5,20
bh,7019,99,tsca,17,2,20
bh,7019,99,bele,14,0,20
bh,7019,99,bele,14,0.5,20
bh,7019,99,pist,20,2,20
bh,7019,99,pist,29,3,20
bh,7019,99,acru,15,0,20
bh,7019,99,tsca,22,2,20
bh,7019,99,tsca,15,1,20
bh,7019,99,tsca,21,3,20
bh,7019,100,tsca,9,0,20
bh,7019,100,tsca,6,0,20
bh,7019,100,acru,13,0,20
bh,7019,100,tsca,26,0,20
bh,7019,100,tsca,18,1,20
bh,7019,100,bele,14,1,20
bh,7019,100,tsca,14,1,20
bh,7019,100,tsca,19,1.5,20
bh,7019,100,tsca,8,0,20
bh,7019,100,quru,20,1.5,20
bh,7019,100,tsca,21,1.5,20
bh,7019,100,quru,17,0,20
bh,7019,100,tsca,18,1.5,20
bh,7019,100,qual,19,1,20
bh,7019,100,tsca,8,0,20
bh,7019,101,acru,15,0.5,20
bh,7019,101,pist,16,2,20
bh,7019,101,acru,21,0,20
bh,7019,101,quru,21,2,20
bh,7019,101,quru,12,0,20
bh,7019,101,acru,12,0,20
bh,7019,101,tsca,34,2,20
bh,7019,101,tsca,43,2.5,20
bh,7019,101,qual,19,1,20
bh,7019,101,quru,13,0,20
bh,7019,101,fagr,23,1,20
bh,7019,101,tsca,26,0,20
bh,7019,101,acru,6,0,20
bh,7019,102,tsca,26,2,20
bh,7019,102,tsca,13,1,20
bh,7019,102,tsca,30,1,20
bh,7019,102,tsca,11,1,20
bh,7019,102,tsca,19,1,20
bh,7019,102,pist,29,2.5,20
bh,7019,102,tsca,10,0.5,20
bh,7019,102,pist,16,1,20
bh,7019,103,litu,12,1,20
bh,7019,103,tsca,21,1,20
bh,7019,103,acru,7,0,20
bh,7019,103,quru,11,0,20
bh,7019,103,tsca,23,1,20
bh,7019,103,quru,14,1.5,20
bh,7018,105,quru,15,1.5,20
bh,7018,105,tsca,26,0.5,20
bh,7018,105,bele,4,0,20
bh,7018,105,bele,10,0,20
bh,7018,105,bele,12,0,20
bh,7018,105,acsa,15,0,20
bh,7018,105,tsca,28,2,20
bh,7018,106,pist,7,0,20
bh,7018,106,pist,15,1.5,20
bh,7018,106,quru,14,1,20
bh,7018,106,quru,10,0,20
bh,7018,106,quru,11,0,20
bh,7018,106,tsca,14,0.5,20
bh,7018,106,qual,21,1.5,20
bh,7018,106,qual,10,0,20
bh,7017,107,qual,14,1,20
bh,7017,107,qual,19,1.5,20
bh,7017,107,pist,34,2.5,20
bh,7017,107,pist,27,2,20
bh,7017,107,qual,16,1.5,20
bh,7017,107,qual,18,1,20
bh,7018,108,quru,21,1.5,20
bh,7018,108,acru,8,0,20
bh,7018,108,quru,14,0,20
bh,7018,108,quve,14,1,20
bh,7018,108,acru,7,0,20
bh,7018,108,qual,15,1,20
bh,7018,108,qual,14,1,20
bh,7017,112,qual,12,1,20
bh,7017,112,quru,25,1.5,20
bh,7017,112,pist,13,2,20
bh,7017,112,tsca,18,1,20
bh,7017,112,qual,15,0,20
bh,7017,112,tsca,24,2,20
bh,7017,112,tsca,22,1.5,20
bh,7017,112,tsca,23,2,20
bh,7017,112,tsca,18,1,20
bh,7017,113,beal,15,0.5,20
bh,7017,113,beal,13,0,20
bh,7017,113,acru,20,0,20
bh,7017,113,tsca,24,1.5,20
bh,7017,113,quru,23,1.5,20
bh,7017,113,tsca,20,2.5,20
bh,7017,113,tsca,23,0,20
bh,7017,113,beal,8,0,20
bh,7017,113,tsca,18,1,20
bh,7017,115,tsca,23,2,20
bh,7017,115,tsca,17,2,20
bh,7017,115,tsca,8,0,20
bh,7017,115,quru,14,1.5,20
bh,7017,115,tsca,13,1,20
bh,7017,115,quru,18,1.5,20
bh,7017,115,pist,22,3,20
bh,7017,115,pist,30,3,20
bh,7017,115,quru,16,2.5,20
bh,7017,115,pist,39,0,20
bh,7017,115,acru,11,0,20
bh,7017,116,tsca,22,2,20
bh,7017,116,tsca,22,2,20
bh,7017,116,tsca,14,2,20
bh,7017,116,tsca,11,1,20
bh,7017,116,tsca,11,1,20
bh,7017,116,tsca,19,2,20
bh,7017,116,tsca,24,2,20
bh,7017,116,tsca,21,2,20
bh,7017,116,tsca,10,0,20
bh,7016,121,tsca,20,2,20
bh,7016,121,pist,24,3,20
bh,7016,121,pist,21,2,20
bh,7016,121,pist,25,3,20
bh,7016,121,tsca,22,1,20
bh,7016,121,quru,23,0.5,20
bh,7016,121,quru,17,1,20
bh,7016,123,tsca,22,2,20
bh,7016,123,quru,24,2,20
bh,7016,123,beal,10,0,20
bh,7016,123,beal,11,0,20
bh,7016,123,bele,10,0,20
bh,7016,123,acru,10,0,20
bh,7016,123,pist,20,2.5,20
bh,7016,123,bele,16,0,20
bh,7016,123,bele,11,0,20
bh,7016,127,quve,13,0,20
bh,7016,127,quru,19,1,20
bh,7016,127,quve,19,1,20
bh,7016,127,quve,10,0,20
bh,7016,127,pist,8,0,20
bh,7016,127,quve,11,0,20
bh,7016,127,pist,25,2,20
bh,7016,127,pist,20,1.5,20
bh,7016,127,quru,9,0,20
bh,7016,127,quru,14,1,20
bh,7016,127,quru,12,0,20
bh,7024,92,quru,15,2,20
bh,7024,92,quru,19,2,20
bh,7024,92,quru,16,1.5,20
bh,7024,92,quve,11,0,20
bh,7024,92,quve,13,1,20
bh,7024,92,quru,14,1,20
bh,7024,92,quru,22,1.5,20
bh,7024,91,quru,25,2,20
bh,7024,91,acsa,6,0,20
bh,7024,91,quru,18,2,20
bh,7024,91,quru,11,0,20
bh,7024,91,quru,10,0,20
bh,7024,91,quru,16,2,20
bh,7024,94,prse,14,1.5,20
bh,7024,94,acru,7,0,20
bh,7024,94,acru,6,0,20
bh,7024,94,bepa,9,0,20
bh,7024,94,acru,11,0,20
bh,7024,94,pist,15,1.5,20
bh,7024,95,tsca,17,1,20
bh,7024,95,tsca,15,1.5,20
bh,7024,95,tsca,11,0.5,20
bh,7024,95,tsca,11,0,20
bh,7024,95,tsca,11,0.5,20
bh,7024,95,tsca,10,0,20
bh,7024,95,tsca,11,0,20
bh,7024,95,tsca,13,0,20
bh,7024,95,tsca,11,0.5,20
bh,7024,95,bele,11,0,20
bh,7024,95,qual,24,0,20
bh,7024,95,quru,13,2,20
bh,7024,88,pist,21,2,20
bh,7024,88,quru,14,1,20
bh,7024,88,pist,9,0,20
bh,7024,88,acru,8,0,20
bh,7024,88,acru,10,0,20
bh,7024,88,quru,18,2,20
bh,7024,88,tsca,20,1.5,20
bh,7024,88,quru,16,2,20
bh,7018,110,bele,14,0,20
bh,7018,110,tsca,13,1,20
bh,7018,110,quru,10,0,20
bh,7018,110,qual,19,1.5,20
bh,7018,110,acru,8,0,20
bh,7018,110,acru,14,1.5,20
bh,7018,110,quru,17,2,20
bh,7017,114,bele,8,0,20
bh,7017,114,bele,10,0,20
bh,7017,114,litu,17,2.5,20
bh,7017,114,litu,17,2.5,20
bh,7017,114,acru,14,2,20
bh,7017,114,acru,12,0,20
bh,7017,114,bele,9,0,20
bh,7017,114,tsca,11,0,20
bh,7017,114,tsca,14,1,20
bh,7018,104,acru,14,0,20
bh,7018,104,acru,18,1.5,20
bh,7018,104,tsca,18,1,20
bh,7018,104,acru,12,0.5,20
bh,7018,104,tsca,16,0,20
bh,7018,104,quru,23,2.5,20
bh,7018,104,quru,26,2,20
bh,7018,104,qual,19,2,20
bh,7018,111,qual,14,1,20
bh,7018,111,tsca,17,2,20
bh,7018,111,quru,17,1.5,20
bh,7018,111,tsca,20,2,20
bh,7018,111,tsca,13,0,20
bh,7018,111,qual,16,1,20
bh,7018,111,tsca,18,1,20
bh,7018,111,quru,14,0.5,20
bh,7018,111,tsca,20,1.5,20
bh,7018,111,qual,10,0,20
bh,7018,111,qual,13,1,20
bh,7018,111,tsca,22,2,20
bh,7016,122,acsa,5,0,20
bh,7016,122,qual,13,0.5,20
bh,7016,122,qual,19,1,20
bh,7016,122,qual,12,0,20
bh,7016,122,tsca,18,0,20
bh,7016,122,beal,16,0.5,20
bh,7016,122,quru,25,1.5,20
bh,7016,122,qual,13,0.5,20
bh,7024,89,quru,10,0,20
bh,7024,89,quru,19,2.5,20
bh,7024,89,quru,13,1.5,20
bh,7024,89,qual,9,0,20
bh,7024,89,ca,15,2.5,20
bh,7024,89,quru,16,1,20
bh,7024,89,acru,6,0,20
bh,7024,93,quru,12,0.5,20
bh,7024,93,quru,16,2,20
bh,7024,93,qual,12,0.5,20
bh,7024,93,pist,20,1,20
bh,7024,93,quru,19,1.5,20
bh,7024,93,bele,9,0,20
bh,7024,93,acru,4,0,20
bh,7024,93,ca,12,0.5,20
bh,7017,117,pist,24,2.5,20
bh,7017,117,acru,8,0,20
bh,7017,117,pist,29,2,20
bh,7017,117,acru,9,0,20
bh,7017,117,acru,10,0,20
bh,7017,117,acru,10,0,20
bh,7017,117,tsca,16,0.5,20
bh,7017,117,tsca,27,2,20
bh,7017,117,pist,29,1,20
bh,7017,117,acru,8,0,20
bh,7017,117,acru,9,0,20
bh,7017,117,tsca,11,1,20
bh,7017,117,tsca,5,0,20
bh,7017,118,tsca,17,2,20
bh,7017,118,tsca,13,1.5,20
bh,7017,118,tsca,19,3,20
bh,7017,118,tsca,21,2,20
bh,7017,118,bele,16,0.5,20
bh,7017,118,tsca,19,2.5,20
bh,7017,118,acru,11,0,20
bh,7017,118,bepa,12,0,20
bh,7017,118,tsca,14,1.5,20
bh,7017,118,tsca,16,0.5,20
bh,7017,119,tsca,16,2,20
bh,7017,119,bele,14,0.5,20
bh,7017,119,tsca,10,0.5,20
bh,7017,119,tsca,18,1.5,20
bh,7017,119,tsca,14,0,20
bh,7017,119,tsca,8,0,20
bh,7017,119,acru,14,0,20
bh,7017,119,tsca,26,2,20
bh,7017,119,acru,12,0,20
bh,7017,119,tsca,21,2,20
bh,7017,119,tsca,16,1.5,20
bh,7017,119,tsca,16,1.5,20
bh,7017,119,tsca,6,0,20
bh,7016,124,tsca,20,2.5,20
bh,7016,124,acru,21,0,20
bh,7016,124,bele,16,1,20
bh,7016,124,tsca,9,0,20
bh,7016,124,tsca,19,2,20
bh,7016,124,tsca,15,2,20
bh,7016,124,tsca,16,2,20
bh,7021,128,acru,6,0,20
bh,7021,128,pist,21,3,20
bh,7021,128,pist,29,0.5,20
bh,7021,128,pist,24,2.5,20
bh,7021,128,pist,28,2.5,20
bh,7021,128,pist,32,2,20
bh,7021,128,pist,27,1.5,20
bh,7021,128,pist,26,2,20
bh,7021,128,pist,16,1,20
bh,7021,128,pist,17,2,20
bh,7021,128,pist,27,1.5,20
bh,7021,129,pist,15,2.5,20
bh,7021,129,pist,16,2.5,20
bh,7021,129,pist,19,3,20
bh,7021,129,pist,18,2.5,20
bh,7021,129,pist,17,2.5,20
bh,7021,129,pist,15,3,20
bh,7021,129,pist,14,2,20
bh,7021,129,pist,10,1,20
bh,7021,129,pist,23,2.5,20
bh,7021,129,pist,17,2,20
bh,7021,129,pist,20,3,20
bh,7021,129,pist,20,2.5,20
bh,7021,129,pist,17,3,20
bh,7021,130,pist,22,2,20
bh,7021,130,fram,16,1.5,20
bh,7021,130,prse,10,0,20
bh,7021,130,pist,34,2,20
bh,7021,130,pist,21,2.5,20
bh,7021,130,pist,20,3,20
bh,7021,130,pist,25,3,20
bh,7021,130,pist,26,2,20
bh,7021,130,pist,34,2,20
bh,7044,131,quru,19,1,20
bh,7044,131,tsca,20,2,20
bh,7044,131,quru,21,1,20
bh,7044,131,bele,11,0,20
bh,7044,131,bele,9,0,20
bh,7044,131,bele,9,0,20
bh,7044,131,bele,8,0,20
bh,7044,132,bele,18,1,20
bh,7044,132,pist,18,3,20
bh,7044,132,acru,12,1,20
bh,7044,132,acru,7,0,20
bh,7044,132,bepa,16,1.5,20
bh,7044,132,pist,19,1.5,20
bh,7044,132,pist,26,2.5,20
bh,7044,133,qual,23,0.5,20
bh,7044,133,acru,6,0,20
bh,7044,133,pist,19,2.5,20
bh,7044,133,pist,19,1.5,20
bh,7044,133,qual,17,0,20
bh,7044,133,quru,25,2.5,20
bh,7044,133,quru,17,2,20
bh,7044,134,quru,16,0.5,20
bh,7044,134,acru,7,0,20
bh,7044,134,tsca,22,2.5,20
bh,7044,134,bele,13,2.5,20
bh,7044,134,quru,10,0,20
bh,7044,134,pist,20,3,20
bh,7044,134,bele,10,0,20
bh,7044,135,acru,9,0,20
bh,7044,135,quru,15,2,20
bh,7044,135,bele,12,2,20
bh,7044,135,quru,9,0,20
bh,7044,135,quru,23,2,20
bh,7044,136,pist,14,3.5,20
bh,7044,136,quru,9,0,20
bh,7044,136,pist,15,3.5,20
bh,7044,136,pist,17,3.5,20
bh,7044,136,pist,13,3,20
bh,7044,136,pist,12,3,20
bh,7044,136,bele,9,0,20
bh,7044,136,pist,15,3,20
bh,7044,136,bele,12,2,20
bh,7044,136,quru,23,1.5,20
bh,7044,137,qual,9,0,20
bh,7044,137,qual,8,0,20
bh,7044,137,pist,26,1.5,20
bh,7044,137,pist,24,3,20
bh,7044,137,pist,20,2.5,20
bh,7044,137,pist,24,2.5,20
bh,7044,137,acru,7,0,20
bh,7044,137,pist,24,3,20
bh,7044,137,pist,14,2,20
bh,7044,137,pist,22,2.5,20
bh,7044,137,pist,19,2.5,20
bh,7044,137,pist,25,3,20
bh,7044,137,pist,13,0.5,20
bh,7044,137,pist,17,1.5,20
bh,7044,137,pist,26,2.5,20
bh,7044,138,quru,11,0,20
bh,7044,138,bele,14,0,20
bh,7044,138,bele,12,0,20
bh,7044,138,quru,12,0.5,20
bh,7044,139,pist,19,2.5,20
bh,7044,139,pist,27,2,20
bh,7044,139,pist,15,2,20
bh,7044,139,pist,28,2.5,20
bh,7044,139,pist,34,3,20
bh,7044,139,pist,11,0.5,20
